PathWalk(308145,-3701,-142797)

::Grind::
BeginPlayerdetection()
PathTo(3095.00,-1356.21,-56.83,1000)
KillMonster(309500,-5683,-135621,500)
PathTo(3092.42,-1345.10,-57.17,1000)
PathTo(3089.69,-1337.97,-57.05,1000)
PathTo(3087.04,-1332.34,-56.77,1000)
PathTo(3084.32,-1326.36,-56.88,1000)
KillMonster(308333,-5660,-132391,500)
PathTo(3081.12,-1313.55,-56.93,1000)
KillMonster(307873,-5722,-130215,500)
PathTo(3078.76,-1286.42,-57.78,1000)
KillMonster(307866,-5758,-127954,500)
KillMonster(308073,-5702,-125189,500)
PathTo(3081.30,-1249.71,-57.28,1000)
PathTo(3083.87,-1240.14,-57.62,1000)
KillMonster(308508,-5806,-123480,500)
PathTo(3086.31,-1230.56,-58.46,1000)
KillMonster(308861,-5808,-120917,500)
PathTo(3088.93,-1208.63,-58.09,1000)
PathTo(3091.56,-1203.17,-58.08,1000)
PathTo(3094.15,-1196.55,-57.80,1000)
PathTo(3096.75,-1189.61,-57.83,1000)
PathTo(3099.31,-1182.79,-57.84,1000)
KillMonster(309960,-5782,-118204,500)
PathTo(3101.89,-1179.13,-57.77,1000)
PathTo(3104.53,-1174.00,-57.57,1000)
PathTo(3107.23,-1170.62,-57.72,1000)
PathTo(3109.92,-1166.30,-58.14,1000)
PathTo(3112.67,-1161.86,-58.32,1000)
PathTo(3115.47,-1157.46,-58.05,1000)
PathTo(3118.06,-1153.75,-57.16,1000)
PathTo(3120.59,-1150.51,-56.12,1000)
PathTo(3123.23,-1147.01,-55.25,1000)
PathTo(3125.76,-1143.20,-54.62,1000)
KillMonster(312602,-5462,-114278,500)
PathTo(3128.63,-1141.93,-54.71,1000)
PathTo(3131.28,-1139.87,-54.83,1000)
PathTo(3134.10,-1136.59,-54.68,1000)
PathTo(3136.83,-1133.44,-54.19,1000)
KillMonster(313835,-5392,-113168,500)
PathTo(3139.56,-1130.55,-53.87,1000)
PathTo(3142.41,-1127.95,-53.76,1000)
PathTo(3145.28,-1125.50,-53.69,1000)
PathTo(3148.15,-1123.27,-53.66,1000)
PathTo(3150.69,-1121.38,-53.72,1000)
KillMonster(315081,-5372,-112129,500)
PathTo(3153.36,-1115.99,-53.49,1000)
PathTo(3155.99,-1111.14,-53.96,1000)
PathTo(3158.76,-1106.19,-54.41,1000)
PathTo(3161.55,-1102.84,-54.58,1000)
PathTo(3164.19,-1100.64,-54.58,1000)
KillMonster(316456,-5457,-110041,500)
PathTo(3166.77,-1098.36,-54.52,1000)
PathTo(3169.63,-1094.99,-54.46,1000)
PathTo(3172.36,-1091.23,-54.42,1000)
PathTo(3175.00,-1087.06,-54.23,1000)
PathTo(3177.66,-1080.79,-54.06,1000)
KillMonster(317919,-5408,-107805,500)
PathTo(3181.11,-1075.75,-54.23,1000)
PathTo(3185.06,-1071.00,-54.72,1000)
PathTo(3189.38,-1065.83,-55.09,1000)
PathTo(3192.11,-1062.55,-55.14,1000)
PathTo(3194.76,-1059.39,-55.52,1000)
PathTo(3197.44,-1056.61,-55.91,1000)
PathTo(3200.06,-1053.94,-56.03,1000)
KillMonster(320094,-5614,-105292,500)
PathTo(3202.91,-1051.74,-56.42,1000)
PathTo(3205.90,-1050.09,-56.54,1000)
PathTo(3208.76,-1048.57,-56.66,1000)
PathTo(3211.67,-1047.02,-56.73,1000)
PathTo(3214.79,-1045.47,-56.26,1000)
PathTo(3217.78,-1043.93,-55.90,1000)
PathTo(3220.73,-1042.37,-55.98,1000)
PathTo(3223.72,-1040.58,-56.30,1000)
PathTo(3226.60,-1038.92,-56.59,1000)
PathTo(3229.37,-1037.37,-56.87,1000)
PathTo(3232.06,-1035.84,-57.10,1000)
PathTo(3234.66,-1034.35,-57.20,1000)
KillMonster(323525,-5722,-103401,500)
PathTo(3240.75,-1032.41,-57.65,1000)
PathTo(3245.58,-1031.04,-57.69,1000)
PathTo(3251.07,-1029.49,-57.41,1000)
PathTo(3256.79,-1027.85,-57.00,1000)
KillMonster(325759,-5700,-102753,500)
PathTo(3259.48,-1027.42,-56.97,1000)
PathTo(3262.30,-1026.46,-56.67,1000)
PathTo(3265.19,-1026.40,-56.37,1000)
PathTo(3268.05,-1026.31,-55.89,1000)
PathTo(3270.90,-1026.22,-54.84,1000)
PathTo(3273.19,-1026.15,-56.11,1000)
PathTo(3276.13,-1025.87,-56.17,1000)
PathTo(3279.11,-1025.41,-56.22,1000)
PathTo(3281.95,-1024.98,-56.27,1000)
PathTo(3284.92,-1024.63,-56.31,1000)
PathTo(3287.92,-1024.28,-56.28,1000)
PathTo(3290.92,-1024.00,-56.25,1000)
PathTo(3293.69,-1023.80,-56.16,1000)
KillMonster(329462,-5612,-102374,500)
PathTo(3299.26,-1024.35,-56.04,1000)
PathTo(3304.91,-1025.08,-56.09,1000)
PathTo(3310.65,-1025.83,-56.33,1000)
PathTo(3314.60,-1026.34,-56.66,1000)
PathTo(3317.47,-1026.72,-57.04,1000)
KillMonster(331893,-5716,-102691,500)
PathTo(3320.34,-1027.13,-57.26,1000)
PathTo(3323.20,-1027.51,-57.30,1000)
PathTo(3326.02,-1027.88,-57.25,1000)
PathTo(3329.00,-1028.27,-57.16,1000)
PathTo(3331.83,-1028.65,-57.06,1000)
PathTo(3334.81,-1029.04,-57.12,1000)
PathTo(3337.80,-1029.47,-57.19,1000)
PathTo(3340.78,-1029.90,-57.32,1000)
PathTo(3343.76,-1030.33,-57.25,1000)
PathTo(3346.76,-1030.91,-57.30,1000)
PathTo(3349.87,-1031.54,-57.21,1000)
PathTo(3352.81,-1032.21,-57.16,1000)
PathTo(3355.66,-1033.19,-57.18,1000)
PathTo(3358.51,-1034.16,-57.18,1000)
PathTo(3361.30,-1035.38,-57.26,1000)
PathTo(3364.12,-1036.79,-57.37,1000)
KillMonster(336578,-5744,-103768,500)
PathTo(3369.92,-1040.24,-57.64,1000)
PathTo(3373.99,-1042.77,-57.62,1000)
PathTo(3378.90,-1045.81,-57.61,1000)
PathTo(3382.53,-1048.10,-57.27,1000)
KillMonster(338286,-5721,-104787,500)
PathTo(3385.25,-1048.47,-57.04,1000)
PathTo(3388.14,-1050.10,-57.00,1000)
PathTo(3391.19,-1051.80,-57.06,1000)
PathTo(3394.11,-1053.39,-57.16,1000)
PathTo(3396.83,-1054.69,-57.23,1000)
KillMonster(339762,-5724,-105505,500)
PathTo(3401.50,-1058.22,-57.42,1000)
PathTo(3405.51,-1061.49,-57.55,1000)
PathTo(3409.84,-1065.03,-57.58,1000)
PathTo(3413.03,-1067.83,-57.38,1000)
KillMonster(341499,-5729,-106954,500)
PathTo(3415.67,-1074.49,-57.69,1000)
PathTo(3418.42,-1078.48,-57.69,1000)
PathTo(3421.23,-1081.10,-57.21,1000)
PathTo(3423.98,-1083.87,-58.20,1000)
PathTo(3426.89,-1086.80,-58.33,1000)
PathTo(3429.80,-1090.01,-58.12,1000)
PathTo(3432.65,-1093.45,-58.02,1000)
PathTo(3435.49,-1096.87,-57.98,1000)
PathTo(3438.20,-1099.97,-57.91,1000)
PathTo(3440.86,-1102.96,-57.72,1000)
PathTo(3443.61,-1106.14,-57.41,1000)
KillMonster(344575,-5716,-110778,500)
PathTo(3446.45,-1112.31,-57.48,1000)
PathTo(3449.04,-1118.34,-57.79,1000)
KillMonster(345055,-5771,-112450,500)
PathTo(3451.76,-1126.37,-57.66,1000)
PathTo(3454.46,-1131.84,-57.62,1000)
KillMonster(345676,-5744,-113613,500)
PathTo(3451.66,-1143.42,-57.72,1000)
PathTo(3448.96,-1146.77,-57.69,1000)
PathTo(3446.26,-1150.55,-57.73,1000)
KillMonster(344445,-5769,-115370,500)
KillMonster(344437,-5754,-116985,500)
PathTo(3443.63,-1171.64,-57.73,1000)
KillMonster(344153,-5779,-119169,500)
PathTo(3446.28,-1197.81,-57.62,1000)
KillMonster(344838,-5735,-120188,500)
PathTo(3443.41,-1208.23,-57.48,1000)
PathTo(3440.67,-1210.83,-57.73,1000)
PathTo(3437.93,-1213.32,-58.00,1000)
PathTo(3435.31,-1215.46,-57.89,1000)
KillMonster(343486,-5806,-121583,500)
PathTo(3432.56,-1222.53,-58.05,1000)
PathTo(3429.61,-1224.09,-58.49,1000)
PathTo(3426.60,-1224.61,-58.93,1000)
PathTo(3423.96,-1224.67,-59.25,1000)
PathTo(3421.11,-1224.54,-59.93,1000)
PathTo(3418.41,-1224.35,-60.38,1000)
KillMonster(341652,-6066,-122418,500)
PathTo(3421.11,-1227.94,-59.60,1000)
PathTo(3423.91,-1230.22,-58.85,1000)
PathTo(3426.66,-1233.55,-58.19,1000)
PathTo(3429.62,-1236.66,-57.74,1000)
PathTo(3432.36,-1239.76,-57.39,1000)
PathTo(3435.04,-1242.62,-57.30,1000)
KillMonster(343589,-5728,-124354,500)
PathTo(3437.57,-1247.55,-57.12,1000)
PathTo(3440.15,-1284.92,-57.00,1000)
KillMonster(344047,-5698,-128555,500)
PathTo(3437.41,-1288.60,-57.31,1000)
PathTo(3434.64,-1290.91,-57.52,1000)
PathTo(3431.84,-1292.98,-57.65,1000)
KillMonster(342982,-5774,-129403,500)
PathTo(3434.48,-1304.52,-56.80,1000)
PathTo(3437.32,-1307.53,-56.48,1000)
PathTo(3439.99,-1309.84,-56.23,1000)
KillMonster(344142,-5605,-131091,500)
PathTo(3442.62,-1314.23,-55.68,1000)
PathTo(3445.48,-1318.81,-55.17,1000)
PathTo(3448.29,-1321.57,-54.81,1000)
PathTo(3451.00,-1323.64,-54.36,1000)
KillMonster(345258,-5408,-132482,500)
PathTo(3453.49,-1325.84,-53.89,1000)
PathTo(3450.91,-1336.97,-54.33,1000)
KillMonster(344999,-5447,-134045,500)
PathTo(3448.24,-1340.65,-54.64,1000)
PathTo(3445.42,-1342.31,-54.79,1000)
PathTo(3442.38,-1344.14,-54.88,1000)
PathTo(3439.54,-1345.78,-54.89,1000)
PathTo(3436.76,-1347.35,-54.85,1000)
KillMonster(343504,-5482,-134833,500)
PathTo(3433.99,-1348.39,-54.82,1000)
PathTo(3431.23,-1348.05,-54.86,1000)
PathTo(3428.23,-1348.08,-54.91,1000)
PathTo(3425.56,-1348.55,-54.92,1000)
PathTo(3422.72,-1349.63,-54.97,1000)
PathTo(3419.88,-1350.76,-55.08,1000)
PathTo(3416.91,-1351.94,-55.27,1000)
PathTo(3414.14,-1353.20,-55.51,1000)
PathTo(3411.48,-1356.24,-55.76,1000)
KillMonster(340986,-5585,-135862,500)
PathTo(3408.76,-1359.94,-55.92,1000)
PathTo(3406.00,-1362.76,-55.88,1000)
PathTo(3403.30,-1364.94,-56.28,1000)
PathTo(3400.67,-1366.89,-56.41,1000)
KillMonster(340016,-5644,-136728,500)
PathTo(3397.94,-1364.96,-56.48,1000)
PathTo(3395.14,-1363.74,-56.57,1000)
PathTo(3392.28,-1362.71,-56.66,1000)
PathTo(3389.23,-1361.58,-56.78,1000)
PathTo(3386.30,-1360.09,-56.93,1000)
PathTo(3383.45,-1358.65,-56.99,1000)
PathTo(3380.43,-1357.20,-57.03,1000)
PathTo(3377.36,-1356.44,-57.16,1000)
PathTo(3374.34,-1356.88,-57.36,1000)
PathTo(3371.48,-1357.41,-57.59,1000)
PathTo(3368.49,-1357.99,-57.69,1000)
PathTo(3365.50,-1358.57,-57.55,1000)
PathTo(3362.63,-1359.16,-57.54,1000)
PathTo(3359.64,-1359.76,-57.86,1000)
PathTo(3356.75,-1360.33,-57.92,1000)
KillMonster(335478,-5780,-136069,500)
PathTo(3354.04,-1361.66,-57.67,1000)
PathTo(3351.20,-1365.04,-57.54,1000)
PathTo(3348.30,-1367.31,-57.46,1000)
PathTo(3345.52,-1368.36,-57.60,1000)
PathTo(3342.66,-1369.42,-57.83,1000)
PathTo(3339.80,-1370.48,-58.13,1000)
PathTo(3336.80,-1371.58,-58.01,1000)
PathTo(3333.93,-1372.61,-58.07,1000)
PathTo(3331.07,-1373.09,-58.21,1000)
PathTo(3328.08,-1373.72,-58.23,1000)
PathTo(3325.14,-1374.52,-58.28,1000)
PathTo(3322.16,-1375.66,-58.21,1000)
PathTo(3319.31,-1376.75,-58.21,1000)
PathTo(3316.53,-1377.60,-58.36,1000)
PathTo(3313.59,-1378.43,-58.50,1000)
PathTo(3310.65,-1379.26,-58.51,1000)
PathTo(3307.85,-1380.04,-58.46,1000)
PathTo(3304.92,-1380.86,-58.37,1000)
PathTo(3302.21,-1381.60,-58.17,1000)
KillMonster(330065,-5804,-138201,500)
PathTo(3299.36,-1381.58,-58.07,1000)
PathTo(3296.56,-1382.01,-57.95,1000)
PathTo(3291.77,-1382.87,-57.97,1000)
PathTo(3286.21,-1383.88,-57.38,1000)
PathTo(3280.65,-1384.89,-57.34,1000)
PathTo(3276.94,-1385.54,-57.56,1000)
KillMonster(327614,-5760,-138566,500)
PathTo(3274.05,-1385.12,-57.71,1000)
PathTo(3271.23,-1384.01,-57.65,1000)
PathTo(3268.47,-1382.98,-57.97,1000)
KillMonster(326669,-5813,-138243,500)
PathTo(3265.60,-1384.32,-57.92,1000)
PathTo(3262.79,-1385.14,-57.83,1000)
PathTo(3259.96,-1385.96,-57.69,1000)
PathTo(3257.21,-1386.72,-57.56,1000)
PathTo(3254.35,-1387.61,-57.56,1000)
PathTo(3251.56,-1388.57,-57.69,1000)
KillMonster(325068,-5778,-138888,500)
PathTo(3246.68,-1386.99,-58.32,1000)
PathTo(3241.40,-1387.32,-58.94,1000)
PathTo(3235.81,-1387.67,-59.38,1000)
PathTo(3230.97,-1387.98,-59.46,1000)
PathTo(3228.11,-1388.06,-59.62,1000)
PathTo(3225.27,-1388.05,-59.67,1000)
PathTo(3222.29,-1387.87,-59.41,1000)
PathTo(3219.43,-1387.34,-59.12,1000)
PathTo(3216.50,-1386.51,-59.20,1000)
PathTo(3213.79,-1385.80,-58.79,1000)
KillMonster(321204,-5880,-138505,500)
PathTo(3210.98,-1385.28,-58.81,1000)
PathTo(3208.25,-1385.98,-58.34,1000)
PathTo(3205.40,-1387.22,-58.77,1000)
PathTo(3202.50,-1388.49,-58.72,1000)
PathTo(3199.48,-1389.82,-58.71,1000)
PathTo(3196.77,-1390.99,-58.56,1000)
PathTo(3194.06,-1392.15,-58.83,1000)
PathTo(3191.00,-1393.48,-58.83,1000)
PathTo(3187.96,-1394.83,-58.73,1000)
PathTo(3185.05,-1396.11,-58.80,1000)
PathTo(3182.13,-1396.74,-58.87,1000)
PathTo(3179.18,-1396.09,-58.98,1000)
PathTo(3176.21,-1394.92,-59.00,1000)
PathTo(3173.46,-1393.74,-58.61,1000)
PathTo(3170.64,-1392.66,-58.23,1000)
PathTo(3167.76,-1391.54,-58.00,1000)
KillMonster(316590,-5823,-139084,500)
PathTo(3164.82,-1390.54,-58.33,1000)
PathTo(3162.13,-1389.77,-58.46,1000)
PathTo(3159.37,-1388.72,-58.54,1000)
PathTo(3156.55,-1387.43,-58.69,1000)
PathTo(3153.78,-1386.16,-58.77,1000)
PathTo(3151.07,-1385.10,-59.02,1000)
PathTo(3148.27,-1384.61,-59.08,1000)
KillMonster(314711,-5911,-138449,500)
PathTo(3143.57,-1382.89,-59.27,1000)
PathTo(3138.33,-1380.53,-59.43,1000)
PathTo(3133.92,-1378.54,-59.52,1000)
PathTo(3129.39,-1376.46,-59.37,1000)
PathTo(3126.70,-1374.16,-58.94,1000)
PathTo(3123.94,-1371.56,-58.74,1000)
PathTo(3121.02,-1369.22,-58.38,1000)
PathTo(3118.18,-1366.94,-58.06,1000)
KillMonster(311614,-5789,-136532,500)
PathTo(3115.31,-1364.98,-57.84,1000)
PathTo(3112.52,-1363.81,-57.62,1000)
PathTo(3109.65,-1362.74,-57.67,1000)
PathTo(3106.63,-1361.69,-57.64,1000)
PathTo(3103.78,-1360.70,-57.80,1000)
PathTo(3100.97,-1359.64,-57.19,1000)
PathTo(3097.89,-1358.51,-56.82,1000)
KillMonster(309588,-5658,-135776,500)
goto(::Grind::)