PathWalk(596779,-4078,296488)
::Grind::
BeginPlayerdetection()
if BackCityBoolean() == BackCity	
goto(::Restock::)
PathTo(5967.79,2964.88,-40.78,1000)
PathTo(5976.88,2993.02,-44.03,1000)
KillMonster(597513,-4418,300565,500)
PathTo(5979.12,3023.85,-42.70,1000)
PathTo(5980.61,3038.38,-40.61,1000)
PathTo(5977.98,3043.47,-39.29,1000)
PathTo(5975.04,3045.61,-38.86,1000)
PathTo(5972.24,3047.86,-38.39,1000)
PathTo(5969.34,3050.43,-37.84,1000)
PathTo(5966.63,3053.26,-37.16,1000)
PathTo(5963.90,3055.93,-36.52,1000)
PathTo(5961.46,3058.67,-35.17,1000)
PathTo(5959.00,3062.05,-34.00,1000)
PathTo(5956.44,3065.44,-32.79,1000)
PathTo(5954.14,3068.46,-31.68,1000)
KillMonster(595401,-3164,306863,500)
PathTo(5951.09,3069.17,-31.16,1000)
PathTo(5948.03,3069.99,-30.61,1000)
PathTo(5945.18,3071.30,-29.86,1000)
PathTo(5942.33,3072.84,-29.16,1000)
PathTo(5939.70,3074.62,-28.33,1000)
PathTo(5936.92,3076.54,-27.55,1000)
PathTo(5934.13,3078.30,-26.62,1000)
PathTo(5931.66,3079.98,-25.55,1000)
KillMonster(593092,-2483,308089,500)
PathTo(5928.88,3078.85,-25.28,1000)
PathTo(5926.16,3077.71,-25.07,1000)
PathTo(5923.30,3076.59,-24.77,1000)
PathTo(5920.62,3076.38,-24.09,1000)
PathTo(5917.83,3076.32,-23.27,1000)
PathTo(5915.20,3076.72,-22.37,1000)
PathTo(5912.45,3077.20,-21.44,1000)
PathTo(5909.85,3077.76,-20.36,1000)
PathTo(5907.09,3077.83,-19.20,1000)
PathTo(5904.55,3077.61,-18.08,1000)
PathTo(5901.93,3077.15,-16.83,1000)
PathTo(5899.61,3075.43,-15.56,1000)
KillMonster(589767,-1404,307306,500)
PathTo(5897.33,3074.22,-14.15,1000)
PathTo(5894.77,3079.15,-13.11,1000)
PathTo(5892.26,3084.37,-12.19,1000)
KillMonster(589232,-1187,308530,500)
PathTo(5890.47,3093.67,-10.26,1000)
PathTo(5888.49,3103.87,-8.54,1000)
PathTo(5886.02,3114.16,-7.54,1000)
PathTo(5883.28,3122.93,-7.23,1000)
KillMonster(588295,-710,312574,500)
PathTo(5886.00,3130.89,-7.21,1000)
PathTo(5888.67,3136.81,-6.97,1000)
PathTo(5891.36,3144.42,-6.82,1000)
PathTo(5893.99,3150.02,-7.15,1000)
PathTo(5896.76,3154.64,-7.77,1000)
PathTo(5899.45,3158.56,-8.28,1000)
PathTo(5902.46,3161.31,-8.58,1000)
PathTo(5905.38,3161.96,-8.71,1000)
PathTo(5908.32,3161.30,-8.66,1000)
KillMonster(591007,-830,315989,500)
KillMonster(590725,-1048,317720,500)
PathTo(5910.36,3175.47,-10.51,1000)
PathTo(5913.12,3173.79,-10.38,1000)
PathTo(5916.15,3172.20,-10.18,1000)
PathTo(5918.97,3170.54,-10.08,1000)
PathTo(5921.83,3168.62,-10.12,1000)
PathTo(5924.55,3166.34,-9.76,1000)
KillMonster(592577,-936,316501,500)
PathTo(5927.10,3177.74,-10.06,1000)
PathTo(5929.81,3184.39,-10.33,1000)
KillMonster(592968,-1033,318550,500)
PathTo(5932.67,3181.64,-9.89,1000)
PathTo(5935.41,3179.56,-9.63,1000)
PathTo(5938.38,3177.45,-9.57,1000)
PathTo(5941.34,3175.15,-9.25,1000)
PathTo(5944.16,3172.92,-8.74,1000)
KillMonster(594603,-847,317172,500)
PathTo(5946.71,3172.98,-8.49,1000)
PathTo(5949.60,3176.23,-8.50,1000)
PathTo(5952.42,3178.31,-8.47,1000)
PathTo(5955.21,3180.55,-8.54,1000)
PathTo(5957.99,3182.82,-8.44,1000)
PathTo(5960.87,3185.18,-8.29,1000)
PathTo(5963.77,3187.74,-8.10,1000)
PathTo(5966.52,3190.25,-7.63,1000)
PathTo(5969.05,3192.12,-6.97,1000)
KillMonster(596939,-675,319256,500)
PathTo(5971.74,3188.28,-7.32,1000)
PathTo(5974.42,3183.72,-7.24,1000)
PathTo(5976.91,3179.06,-6.98,1000)
KillMonster(597697,-697,317895,500)
PathTo(5979.77,3178.44,-6.66,1000)
PathTo(5982.48,3178.26,-6.38,1000)
PathTo(5985.41,3178.12,-6.09,1000)
PathTo(5988.32,3178.11,-5.83,1000)
PathTo(5991.36,3178.09,-5.51,1000)
PathTo(5994.39,3178.08,-5.15,1000)
PathTo(5997.44,3178.13,-4.77,1000)
PathTo(6000.52,3178.29,-4.31,1000)
PathTo(6002.95,3178.41,-3.83,1000)
KillMonster(600271,-388,317840,500)
PathTo(6005.82,3173.72,-3.62,1000)
PathTo(6008.78,3171.67,-3.50,1000)
PathTo(6011.78,3170.02,-3.33,1000)
PathTo(6014.53,3167.76,-3.04,1000)
PathTo(6017.27,3164.49,-2.58,1000)
PathTo(6020.14,3161.62,-2.31,1000)
PathTo(6022.65,3159.40,-1.00,1000)
PathTo(6025.32,3156.58,-1.50,1000)
PathTo(6027.90,3153.04,-1.79,1000)
KillMonster(602876,-174,315313,500)
PathTo(6030.55,3154.93,-1.58,1000)
PathTo(6033.35,3157.56,-1.45,1000)
PathTo(6036.18,3159.90,-1.39,1000)
KillMonster(603661,-131,316007,500)
PathTo(6038.79,3163.74,-0.52,1000)
PathTo(6041.40,3168.32,-0.69,1000)
PathTo(6044.10,3173.20,-0.51,1000)
KillMonster(604546,-32,317589,500)
PathTo(6046.82,3174.45,-0.52,1000)
PathTo(6049.73,3171.65,-0.35,1000)
PathTo(6052.48,3169.18,0.17,1000)
KillMonster(605483,78,316743,500)
PathTo(6055.01,3167.75,0.73,1000)
PathTo(6057.43,3175.86,-0.21,1000)
KillMonster(605865,38,318236,500)
PathTo(6060.04,3182.29,0.66,1000)
PathTo(6062.90,3182.20,0.70,1000)
PathTo(6065.94,3181.88,0.36,1000)
PathTo(6068.74,3181.44,0.15,1000)
PathTo(6071.54,3180.96,-0.05,1000)
PathTo(6074.26,3180.41,-0.20,1000)
KillMonster(607486,-20,318028,500)
PathTo(6076.94,3182.65,-0.24,1000)
PathTo(6079.74,3185.55,-0.47,1000)
PathTo(6082.68,3188.09,-0.65,1000)
PathTo(6085.45,3190.36,-0.71,1000)
PathTo(6088.14,3193.32,-0.78,1000)
KillMonster(608851,-31,319874,500)
PathTo(6091.02,3198.51,-0.70,1000)
PathTo(6094.02,3198.12,-1.20,1000)
PathTo(6097.13,3197.76,-1.52,1000)
PathTo(6100.10,3197.39,-1.74,1000)
PathTo(6102.90,3196.96,-2.01,1000)
PathTo(6105.70,3196.52,-2.20,1000)
PathTo(6108.59,3196.35,-2.17,1000)
PathTo(6111.37,3197.37,-2.30,1000)
PathTo(6114.26,3199.08,-2.40,1000)
KillMonster(611553,-245,319993,500)
PathTo(6117.07,3199.40,-2.42,1000)
PathTo(6119.96,3198.69,-2.35,1000)
PathTo(6122.93,3198.14,-2.44,1000)
PathTo(6125.87,3197.59,-2.55,1000)
PathTo(6128.90,3196.58,-2.56,1000)
PathTo(6131.63,3195.45,-2.40,1000)
PathTo(6134.09,3194.02,-1.89,1000)
KillMonster(613426,-185,319389,500)
PathTo(6136.83,3197.71,-2.43,1000)
PathTo(6139.61,3200.66,-2.55,1000)
PathTo(6142.42,3202.62,-2.72,1000)
PathTo(6145.25,3204.29,-2.94,1000)
PathTo(6147.98,3205.90,-3.15,1000)
PathTo(6150.62,3207.21,-3.41,1000)
PathTo(6153.57,3208.30,-3.61,1000)
PathTo(6156.38,3208.51,-3.85,1000)
PathTo(6159.03,3207.73,-3.88,1000)
KillMonster(615960,-375,320707,500)
PathTo(6161.72,3208.88,-4.32,1000)
PathTo(6164.39,3210.89,-5.04,1000)
PathTo(6167.27,3212.77,-5.96,1000)
PathTo(6170.14,3214.39,-6.69,1000)
PathTo(6172.58,3216.09,-7.36,1000)
PathTo(6175.04,3220.32,-8.33,1000)
PathTo(6177.68,3225.62,-8.56,1000)
PathTo(6180.20,3229.32,-8.97,1000)
KillMonster(618036,-899,322925,500)
PathTo(6182.95,3227.70,-9.15,1000)
PathTo(6185.69,3226.23,-9.65,1000)
PathTo(6188.61,3225.10,-10.02,1000)
PathTo(6191.48,3224.25,-10.16,1000)
KillMonster(619377,-1031,322377,500)
PathTo(6194.37,3223.83,-10.36,1000)
PathTo(6197.17,3223.42,-10.54,1000)
PathTo(6200.02,3223.02,-10.67,1000)
PathTo(6202.68,3222.93,-10.64,1000)
PathTo(6205.20,3222.85,-10.57,1000)
KillMonster(620552,-1056,322284,500)
PathTo(6207.92,3218.98,-11.00,1000)
PathTo(6210.85,3215.09,-10.91,1000)
PathTo(6213.67,3212.13,-10.95,1000)
PathTo(6216.24,3210.22,-11.08,1000)
KillMonster(621680,-1113,321007,500)
PathTo(6218.79,3205.64,-11.29,1000)
PathTo(6221.31,3199.16,-11.97,1000)
KillMonster(622351,-1175,319143,500)
PathTo(6224.09,3191.24,-11.91,1000)
PathTo(6226.82,3190.22,-12.42,1000)
PathTo(6229.66,3189.05,-12.66,1000)
PathTo(6232.50,3187.87,-13.13,1000)
PathTo(6235.30,3186.67,-13.77,1000)
PathTo(6238.26,3185.36,-13.99,1000)
PathTo(6241.01,3183.13,-14.43,1000)
PathTo(6243.79,3179.62,-14.35,1000)
PathTo(6246.66,3175.26,-13.96,1000)
PathTo(6249.36,3171.42,-13.04,1000)
PathTo(6251.65,3167.90,-11.81,1000)
KillMonster(625374,-1109,316458,500)
PathTo(6252.15,3136.66,-9.27,1000)
PathTo(6253.92,3126.32,-7.29,1000)
PathTo(6255.38,3116.13,-5.15,1000)
PathTo(6256.59,3105.51,-2.81,1000)
PathTo(6254.01,3099.24,-1.70,1000)
PathTo(6251.13,3097.34,-1.47,1000)
PathTo(6248.39,3095.74,-1.25,1000)
PathTo(6245.84,3094.71,-1.01,1000)
KillMonster(624521,-94,309448,500)
PathTo(6244.39,3093.01,-0.73,1000)
PathTo(6247.15,3088.87,-0.35,1000)
PathTo(6249.91,3085.16,-0.04,1000)
PathTo(6252.51,3082.45,0.01,1000)
PathTo(6255.19,3079.81,-0.20,1000)
PathTo(6258.00,3077.11,-0.33,1000)
KillMonster(625946,-31,307569,500)
PathTo(6260.72,3076.43,-0.42,1000)
PathTo(6263.56,3078.28,-0.41,1000)
PathTo(6266.48,3080.09,-0.49,1000)
PathTo(6269.47,3081.46,-0.62,1000)
PathTo(6272.39,3082.61,-0.75,1000)
PathTo(6275.19,3083.64,-0.89,1000)
PathTo(6277.74,3084.69,-0.78,1000)
KillMonster(627812,-75,308485,500)
PathTo(6274.81,3085.86,-1.01,1000)
PathTo(6272.05,3087.06,-1.25,1000)
PathTo(6269.29,3091.62,-1.33,1000)
PathTo(6266.72,3096.50,-1.43,1000)
PathTo(6264.08,3101.53,-1.97,1000)
PathTo(6261.60,3106.79,-2.89,1000)
PathTo(6259.40,3115.00,-4.39,1000)
PathTo(6257.57,3123.47,-6.34,1000)
PathTo(6255.79,3131.94,-8.23,1000)
PathTo(6253.76,3141.59,-9.91,1000)
PathTo(6251.52,3152.26,-11.13,1000)
PathTo(6249.16,3168.04,-12.16,1000)
PathTo(6246.86,3175.46,-14.01,1000)
PathTo(6244.08,3177.80,-14.20,1000)
PathTo(6241.24,3180.28,-14.13,1000)
PathTo(6238.35,3182.85,-14.00,1000)
PathTo(6235.36,3185.54,-13.67,1000)
PathTo(6232.49,3188.23,-13.11,1000)
PathTo(6229.63,3190.85,-12.89,1000)
PathTo(6226.76,3193.97,-12.59,1000)
PathTo(6223.98,3197.37,-12.42,1000)
PathTo(6221.28,3200.95,-11.94,1000)
PathTo(6218.46,3204.67,-11.28,1000)
PathTo(6215.69,3208.40,-11.13,1000)
PathTo(6212.98,3211.95,-10.97,1000)
PathTo(6210.18,3215.61,-10.96,1000)
PathTo(6207.51,3219.13,-10.98,1000)
PathTo(6204.83,3223.59,-10.51,1000)
PathTo(6202.07,3228.06,-10.05,1000)
PathTo(6199.49,3234.41,-9.97,1000)
PathTo(6196.96,3246.94,-10.03,1000)
KillMonster(619685,-1004,324746,500)
PathTo(6194.37,3248.87,-10.07,1000)
PathTo(6191.45,3249.12,-10.07,1000)
PathTo(6188.61,3249.63,-9.96,1000)
KillMonster(618655,-974,325006,500)
PathTo(6191.38,3256.68,-10.15,1000)
PathTo(6194.19,3259.48,-10.43,1000)
PathTo(6197.09,3262.41,-10.48,1000)
PathTo(6200.00,3265.36,-10.50,1000)
PathTo(6202.66,3268.04,-10.25,1000)
PathTo(6205.38,3270.98,-9.93,1000)
KillMonster(620588,-965,327455,500)
PathTo(6207.93,3278.23,-9.17,1000)
PathTo(6210.54,3284.33,-8.74,1000)
PathTo(6213.17,3290.96,-8.94,1000)
PathTo(6215.33,3305.07,-10.25,1000)
PathTo(6212.56,3307.36,-10.18,1000)
KillMonster(621166,-1016,330770,500)
PathTo(6215.45,3309.37,-10.40,1000)
PathTo(6218.21,3310.69,-10.67,1000)
PathTo(6221.03,3312.07,-11.05,1000)
PathTo(6223.84,3313.45,-11.56,1000)
PathTo(6226.78,3314.93,-11.88,1000)
PathTo(6229.78,3316.58,-12.00,1000)
PathTo(6232.54,3318.10,-11.80,1000)
PathTo(6235.28,3318.47,-11.84,1000)
PathTo(6238.17,3317.30,-11.84,1000)
KillMonster(623852,-1181,331613,500)
PathTo(6240.83,3323.20,-11.51,1000)
PathTo(6243.44,3331.36,-11.30,1000)
PathTo(6246.19,3338.74,-11.12,1000)
KillMonster(624642,-1108,333968,500)
PathTo(6248.62,3352.83,-10.24,1000)
PathTo(6250.94,3368.02,-9.29,1000)
PathTo(6253.62,3376.08,-9.45,1000)
KillMonster(625424,-938,337681,500)
PathTo(6251.10,3383.63,-8.52,1000)
KillMonster(624943,-783,338721,500)
PathTo(6253.67,3398.53,-8.24,1000)
PathTo(6256.29,3406.62,-7.62,1000)
PathTo(6253.61,3411.36,-6.59,1000)
KillMonster(625266,-630,341193,500)
PathTo(6256.38,3416.98,-6.04,1000)
PathTo(6259.12,3421.72,-5.42,1000)
PathTo(6261.63,3427.40,-4.39,1000)
PathTo(6263.16,3434.03,-2.28,1000)
PathTo(6264.75,3443.21,-0.14,1000)
PathTo(6267.21,3448.50,1.03,1000)
PathTo(6269.93,3452.94,1.64,1000)
PathTo(6272.72,3456.41,1.71,1000)
PathTo(6275.61,3458.25,1.85,1000)
PathTo(6278.36,3459.85,2.20,1000)
PathTo(6280.88,3460.94,2.83,1000)
KillMonster(628209,344,346141,500)
PathTo(6278.08,3464.27,2.10,1000)
PathTo(6275.41,3465.23,1.74,1000)
PathTo(6272.40,3466.29,1.73,1000)
PathTo(6269.54,3467.23,1.70,1000)
PathTo(6266.68,3468.18,1.74,1000)
PathTo(6263.67,3469.17,1.76,1000)
PathTo(6260.80,3470.10,1.79,1000)
PathTo(6257.89,3470.89,1.86,1000)
PathTo(6254.69,3471.69,2.10,1000)
PathTo(6251.91,3472.37,2.48,1000)
PathTo(6249.07,3473.06,2.71,1000)
PathTo(6246.02,3473.76,3.02,1000)
PathTo(6243.38,3474.35,3.27,1000)
KillMonster(624298,329,347434,500)
PathTo(6240.68,3470.79,3.17,1000)
PathTo(6237.99,3464.97,3.11,1000)
PathTo(6235.38,3459.43,2.87,1000)
PathTo(6232.63,3455.51,2.82,1000)
PathTo(6229.86,3451.63,2.66,1000)
PathTo(6227.06,3447.76,2.74,1000)
PathTo(6224.21,3445.20,2.94,1000)
PathTo(6221.28,3444.56,3.17,1000)
PathTo(6218.44,3445.20,3.35,1000)
PathTo(6215.81,3447.46,3.57,1000)
KillMonster(621532,359,344911,500)
PathTo(6213.18,3438.15,3.73,1000)
PathTo(6210.78,3427.26,5.02,1000)
PathTo(6208.17,3419.96,5.81,1000)
PathTo(6205.39,3416.72,6.08,1000)
PathTo(6202.67,3413.55,6.24,1000)
PathTo(6199.96,3410.37,6.25,1000)
PathTo(6197.11,3406.91,6.12,1000)
KillMonster(619594,605,340548,500)
PathTo(6194.34,3404.77,6.01,1000)
PathTo(6191.33,3403.45,5.92,1000)
PathTo(6188.46,3402.19,5.78,1000)
PathTo(6185.45,3400.87,5.70,1000)
PathTo(6182.58,3399.61,5.65,1000)
PathTo(6179.57,3398.29,5.67,1000)
PathTo(6176.65,3396.49,5.69,1000)
PathTo(6173.65,3394.45,5.60,1000)
PathTo(6170.85,3392.54,5.40,1000)
PathTo(6167.89,3390.52,4.95,1000)
PathTo(6165.18,3388.66,4.51,1000)
PathTo(6162.40,3386.64,4.12,1000)
PathTo(6159.50,3384.83,3.72,1000)
PathTo(6156.47,3383.57,3.46,1000)
PathTo(6153.53,3382.48,3.27,1000)
PathTo(6150.65,3381.56,2.98,1000)
PathTo(6147.61,3380.97,2.49,1000)
PathTo(6144.78,3380.95,2.02,1000)
PathTo(6141.77,3380.80,1.52,1000)
PathTo(6138.83,3379.80,1.07,1000)
PathTo(6136.02,3378.80,0.73,1000)
PathTo(6133.07,3378.77,0.48,1000)
PathTo(6130.24,3379.72,0.27,1000)
PathTo(6127.48,3381.93,-0.02,1000)
KillMonster(612641,-12,338287,500)
PathTo(6124.55,3384.31,-0.34,1000)
PathTo(6121.81,3384.88,-0.50,1000)
PathTo(6118.74,3385.63,-0.66,1000)
PathTo(6115.70,3386.38,-0.78,1000)
PathTo(6112.78,3387.01,-0.82,1000)
KillMonster(611039,-83,338753,500)
PathTo(6110.27,3385.54,-0.50,1000)
PathTo(6109.28,3371.98,1.92,1000)
PathTo(6106.75,3368.42,2.96,1000)
PathTo(6104.39,3364.97,4.03,1000)
PathTo(6102.28,3359.42,5.63,1000)
KillMonster(610077,681,335540,500)
PathTo(6099.57,3357.35,6.50,1000)
PathTo(6096.80,3357.64,6.82,1000)
PathTo(6093.83,3357.84,7.16,1000)
PathTo(6090.74,3358.06,7.51,1000)
PathTo(6087.66,3358.02,7.90,1000)
PathTo(6084.54,3356.86,8.54,1000)
PathTo(6081.72,3355.06,9.36,1000)
PathTo(6079.14,3352.81,10.27,1000)
KillMonster(607699,1098,335087,500)
PathTo(6075.36,3349.94,11.37,1000)
PathTo(6072.26,3349.12,11.85,1000)
PathTo(6069.28,3348.87,12.08,1000)
PathTo(6066.46,3348.59,12.26,1000)
PathTo(6063.64,3348.31,12.45,1000)
KillMonster(606250,1255,334819,500)
PathTo(6060.82,3346.19,12.91,1000)
PathTo(6063.65,3344.76,12.86,1000)
PathTo(6066.42,3345.77,12.61,1000)
PathTo(6069.36,3346.86,12.33,1000)
PathTo(6072.30,3347.95,12.03,1000)
PathTo(6075.25,3349.40,11.48,1000)
PathTo(6078.02,3350.87,10.82,1000)
PathTo(6080.66,3352.26,10.16,1000)
PathTo(6083.44,3353.72,9.40,1000)
PathTo(6086.22,3355.18,8.73,1000)
PathTo(6089.15,3356.72,8.02,1000)
PathTo(6091.90,3358.17,7.34,1000)
PathTo(6094.54,3359.55,6.66,1000)
PathTo(6097.32,3361.01,5.94,1000)
PathTo(6100.19,3362.24,5.26,1000)
PathTo(6103.17,3362.38,4.81,1000)
PathTo(6105.99,3362.65,4.34,1000)
PathTo(6108.82,3362.93,3.87,1000)
PathTo(6111.62,3363.37,3.40,1000)
PathTo(6114.65,3363.97,3.02,1000)
PathTo(6117.65,3364.57,2.58,1000)
PathTo(6120.44,3365.12,1.95,1000)
PathTo(6123.41,3365.63,1.46,1000)
PathTo(6126.21,3365.74,1.01,1000)
PathTo(6129.05,3365.84,0.45,1000)
PathTo(6131.74,3365.85,-0.03,1000)
PathTo(6134.58,3365.77,-0.09,1000)
PathTo(6137.64,3365.12,-0.07,1000)
PathTo(6140.43,3363.46,-0.19,1000)
PathTo(6143.06,3359.40,-0.62,1000)
PathTo(6145.55,3352.85,-1.46,1000)
PathTo(6147.76,3346.82,-2.79,1000)
PathTo(6150.09,3339.24,-3.88,1000)
KillMonster(615051,-409,333779,500)
PathTo(6152.77,3335.96,-4.51,1000)
PathTo(6155.71,3333.74,-4.98,1000)
PathTo(6158.63,3332.00,-5.40,1000)
PathTo(6161.32,3330.12,-5.99,1000)
PathTo(6163.89,3327.85,-6.94,1000)
PathTo(6166.60,3324.67,-8.13,1000)
PathTo(6169.24,3321.05,-8.89,1000)
KillMonster(617109,-905,331828,500)
PathTo(6166.76,3309.96,-9.83,1000)
PathTo(6164.03,3306.35,-9.95,1000)
PathTo(6161.25,3302.84,-9.84,1000)
PathTo(6158.73,3299.89,-9.72,1000)
KillMonster(615857,-973,329971,500)
PathTo(6161.37,3294.48,-10.00,1000)
PathTo(6164.03,3289.98,-9.97,1000)
PathTo(6166.68,3285.66,-9.84,1000)
KillMonster(616906,-960,328183,500)
PathTo(6169.38,3281.36,-9.55,1000)
PathTo(6172.01,3277.37,-9.37,1000)
PathTo(6174.74,3274.23,-9.10,1000)
PathTo(6177.51,3272.19,-9.53,1000)
PathTo(6180.41,3270.09,-9.75,1000)
PathTo(6183.32,3268.28,-9.96,1000)
PathTo(6185.82,3266.98,-9.95,1000)
KillMonster(618585,-995,326696,500)
KillMonster(618729,-973,325392,500)
PathTo(6188.76,3253.46,-9.97,1000)
PathTo(6191.70,3252.32,-10.18,1000)
PathTo(6194.54,3251.10,-10.11,1000)
KillMonster(619592,-1009,325050,500)
PathTo(6191.98,3235.57,-9.87,1000)
KillMonster(619149,-986,323288,500)
PathTo(6189.19,3233.10,-9.77,1000)
PathTo(6186.30,3233.51,-9.59,1000)
PathTo(6183.11,3233.16,-9.29,1000)
PathTo(6180.59,3233.00,-9.00,1000)
KillMonster(618065,-901,323305,500)
PathTo(6183.16,3225.63,-9.32,1000)
KillMonster(618536,-954,321797,500)
PathTo(6180.10,3216.59,-8.92,1000)
PathTo(6177.17,3215.86,-8.26,1000)
PathTo(6174.54,3215.16,-7.64,1000)
PathTo(6171.61,3214.56,-6.89,1000)
PathTo(6168.68,3213.44,-6.31,1000)
PathTo(6165.93,3212.28,-5.64,1000)
PathTo(6163.15,3211.27,-4.99,1000)
PathTo(6160.21,3210.18,-4.33,1000)
PathTo(6157.39,3209.18,-3.93,1000)
PathTo(6154.43,3208.18,-3.68,1000)
PathTo(6151.51,3207.24,-3.47,1000)
PathTo(6148.66,3206.35,-3.22,1000)
PathTo(6145.87,3205.47,-3.03,1000)
PathTo(6143.01,3204.56,-2.88,1000)
PathTo(6140.16,3203.65,-2.82,1000)
PathTo(6137.48,3198.76,-2.53,1000)
KillMonster(613662,-170,319424,500)
PathTo(6134.63,3195.36,-2.17,1000)
PathTo(6131.72,3195.96,-2.51,1000)
PathTo(6128.67,3196.46,-2.53,1000)
PathTo(6125.61,3197.11,-2.49,1000)
PathTo(6122.70,3197.78,-2.40,1000)
PathTo(6119.75,3198.82,-2.36,1000)
KillMonster(611763,-244,319970,500)
PathTo(6116.99,3199.33,-2.41,1000)
PathTo(6114.13,3198.09,-2.38,1000)
PathTo(6111.08,3197.30,-2.29,1000)
PathTo(6108.41,3196.81,-2.23,1000)
PathTo(6105.48,3196.87,-2.19,1000)
PathTo(6102.27,3196.93,-1.96,1000)
PathTo(6099.47,3197.10,-1.74,1000)
PathTo(6096.51,3197.28,-1.53,1000)
PathTo(6093.40,3197.51,-1.25,1000)
PathTo(6090.70,3198.27,-0.70,1000)
KillMonster(608898,-33,319897,500)
PathTo(6088.10,3196.32,-0.67,1000)
PathTo(6085.40,3189.77,-0.73,1000)
PathTo(6082.68,3184.28,-0.76,1000)
KillMonster(608119,-41,318184,500)
PathTo(6080.02,3182.09,-0.46,1000)
PathTo(6077.03,3182.55,-0.25,1000)
PathTo(6074.15,3182.65,-0.08,1000)
PathTo(6071.33,3183.02,0.35,1000)
PathTo(6068.31,3183.25,0.46,1000)
PathTo(6065.61,3183.19,0.59,1000)
PathTo(6061.98,3183.14,0.89,1000)
KillMonster(606013,76,318313,500)
PathTo(6059.26,3182.53,0.57,1000)
PathTo(6056.59,3180.45,0.01,1000)
PathTo(6053.76,3178.41,-0.20,1000)
PathTo(6050.91,3177.11,-0.28,1000)
PathTo(6048.12,3176.37,-0.24,1000)
KillMonster(604660,-39,317596,500)
PathTo(6050.87,3171.79,-0.35,1000)
PathTo(6053.49,3169.12,0.38,1000)
KillMonster(605488,79,316713,500)
PathTo(6050.69,3166.54,0.38,1000)
PathTo(6047.62,3166.50,0.36,1000)
PathTo(6044.85,3166.14,-0.08,1000)
PathTo(6041.88,3164.54,-0.11,1000)
KillMonster(604187,-11,316453,500)
PathTo(6039.06,3165.15,-0.59,1000)
PathTo(6036.21,3166.40,-1.14,1000)
PathTo(6033.52,3169.55,-1.30,1000)
PathTo(6030.81,3173.48,-1.33,1000)
PathTo(6028.35,3176.94,-0.76,1000)
KillMonster(602803,-64,317739,500)
PathTo(6025.80,3172.60,-1.66,1000)
PathTo(6023.10,3170.17,-2.02,1000)
PathTo(6020.34,3168.18,-2.47,1000)
PathTo(6017.68,3166.50,-2.63,1000)
PathTo(6014.79,3165.40,-2.81,1000)
PathTo(6012.09,3164.28,-2.96,1000)
KillMonster(601031,-275,316350,500)
PathTo(6009.52,3166.03,-3.21,1000)
PathTo(6007.01,3177.57,-2.96,1000)
KillMonster(600661,-300,317770,500)
PathTo(6004.30,3178.13,-3.56,1000)
PathTo(6001.44,3178.21,-4.16,1000)
PathTo(5998.43,3178.33,-4.60,1000)
PathTo(5995.41,3178.45,-5.06,1000)
PathTo(5992.40,3178.56,-5.42,1000)
PathTo(5989.54,3178.62,-5.71,1000)
PathTo(5986.54,3178.40,-6.01,1000)
PathTo(5983.56,3177.94,-6.25,1000)
PathTo(5981.03,3177.26,-6.45,1000)
KillMonster(598094,-645,317724,500)
PathTo(5978.29,3179.20,-6.86,1000)
PathTo(5975.50,3182.55,-7.15,1000)
PathTo(5972.72,3186.79,-7.30,1000)
PathTo(5970.21,3190.76,-7.05,1000)
KillMonster(597008,-704,319098,500)
PathTo(5967.38,3189.62,-7.61,1000)
PathTo(5964.59,3188.63,-7.97,1000)
PathTo(5961.78,3187.63,-8.27,1000)
PathTo(5958.73,3186.90,-8.48,1000)
PathTo(5955.94,3187.25,-8.69,1000)
KillMonster(595349,-888,318870,500)
PathTo(5953.40,3188.25,-8.87,1000)
PathTo(5950.81,3177.94,-8.47,1000)
KillMonster(594897,-824,317274,500)
PathTo(5948.09,3173.60,-8.38,1000)
PathTo(5945.28,3176.24,-8.90,1000)
PathTo(5942.35,3178.29,-9.34,1000)
PathTo(5939.60,3180.09,-9.58,1000)
PathTo(5936.79,3182.65,-9.75,1000)
PathTo(5933.95,3185.02,-10.00,1000)
KillMonster(593302,-1005,318563,500)
PathTo(5931.14,3184.59,-10.21,1000)
PathTo(5928.34,3182.88,-10.36,1000)
PathTo(5925.72,3178.62,-10.17,1000)
KillMonster(592621,-960,316627,500)
PathTo(5922.98,3169.16,-10.17,1000)
PathTo(5920.12,3170.57,-10.14,1000)
PathTo(5917.31,3172.25,-10.18,1000)
PathTo(5914.35,3174.01,-10.35,1000)
PathTo(5911.81,3175.45,-10.50,1000)
KillMonster(591101,-1052,317591,500)
PathTo(5909.53,3165.24,-9.38,1000)
KillMonster(591021,-779,315835,500)
PathTo(5907.18,3158.24,-7.92,1000)
PathTo(5904.27,3158.12,-7.94,1000)
PathTo(5901.62,3157.83,-8.05,1000)
PathTo(5898.84,3156.66,-8.08,1000)
PathTo(5896.07,3154.64,-7.83,1000)
PathTo(5893.33,3152.63,-7.52,1000)
PathTo(5890.53,3150.65,-7.54,1000)
PathTo(5887.77,3148.30,-7.48,1000)
PathTo(5885.02,3129.72,-7.27,1000)
PathTo(5882.52,3127.73,-6.98,1000)
KillMonster(588297,-709,312795,500)
PathTo(5885.19,3121.35,-7.26,1000)
PathTo(5887.73,3113.34,-7.88,1000)
KillMonster(588882,-828,310805,500)
PathTo(5889.88,3099.80,-9.27,1000)
PathTo(5891.63,3089.32,-11.06,1000)
KillMonster(589177,-1128,308831,500)
PathTo(5893.76,3082.49,-12.54,1000)
PathTo(5896.12,3073.73,-13.43,1000)
KillMonster(589636,-1340,307276,500)
PathTo(5898.58,3075.11,-14.97,1000)
PathTo(5900.91,3076.67,-16.33,1000)
PathTo(5903.68,3077.98,-17.66,1000)
PathTo(5906.49,3078.28,-18.86,1000)
PathTo(5909.17,3078.48,-19.97,1000)
PathTo(5911.70,3078.52,-20.97,1000)
PathTo(5914.52,3078.19,-21.76,1000)
PathTo(5917.34,3077.86,-22.63,1000)
PathTo(5920.16,3077.52,-23.56,1000)
PathTo(5923.12,3077.10,-24.52,1000)
PathTo(5925.93,3077.34,-25.15,1000)
PathTo(5928.50,3078.63,-25.26,1000)
KillMonster(592902,-2525,307902,500)
KillMonster(592904,-2525,307904,500)
PathTo(5931.02,3078.23,-26.03,1000)
PathTo(5933.45,3075.26,-27.46,1000)
PathTo(5936.32,3073.12,-28.38,1000)
PathTo(5939.08,3071.12,-29.02,1000)
KillMonster(593970,-2943,306992,500)
PathTo(5941.91,3069.80,-29.79,1000)
PathTo(5944.84,3069.67,-30.15,1000)
PathTo(5947.73,3069.49,-30.69,1000)
PathTo(5950.51,3069.40,-31.01,1000)
KillMonster(595195,-3121,306938,500)
PathTo(5952.98,3065.63,-32.22,1000)
PathTo(5955.32,3061.48,-33.62,1000)
PathTo(5957.63,3056.79,-34.89,1000)
PathTo(5959.74,3051.39,-36.54,1000)
KillMonster(596030,-3712,304965,500)
PathTo(5962.48,3049.77,-37.59,1000)
PathTo(5965.39,3049.93,-38.05,1000)
PathTo(5968.22,3050.06,-37.99,1000)
PathTo(5971.19,3050.18,-37.83,1000)
PathTo(5974.02,3050.30,-37.72,1000)
PathTo(5976.87,3050.40,-37.60,1000)
KillMonster(597883,-3753,305044,500)
PathTo(5979.06,3044.90,-38.95,1000)
PathTo(5979.48,3034.31,-41.50,1000)
PathTo(5977.32,3022.83,-43.16,1000)
KillMonster(597652,-4362,302119,500)
PathTo(5974.91,3014.19,-44.43,1000)
PathTo(5972.31,3009.32,-44.28,1000)
KillMonster(597111,-4416,300718,500)
PathTo(5975.09,3003.11,-44.05,1000)
PathTo(5977.84,2998.85,-44.14,1000)
PathTo(5975.27,2982.87,-43.56,1000)
PathTo(5972.63,2977.23,-43.03,1000)
PathTo(5969.95,2971.48,-42.12,1000)
PathTo(5967.42,2966.02,-40.96,1000)
PathTo(5965.03,2961.54,-39.55,1000)
PathTo(5962.76,2956.84,-37.65,1000)
PathTo(5961.05,2952.88,-35.52,1000)
goto(::Grind::)


::Restock::
EndPlayerdetection()
LieDown()
Delay(1000)

PathTo(5959.83,2948.64,-33.02,1000)
PathTo(5958.99,2944.16,-30.40,1000)
PathTo(5957.21,2940.20,-28.11,1000)
PathTo(5955.20,2936.87,-26.10,1000)
PathTo(5952.89,2934.79,-24.21,1000)
PathTo(5950.52,2933.62,-22.47,1000)
PathTo(5947.66,2932.80,-21.39,1000)
PathTo(5944.88,2932.27,-20.31,1000)
PathTo(5942.08,2931.83,-19.27,1000)
PathTo(5939.54,2931.43,-18.15,1000)
PathTo(5936.51,2931.31,-17.44,1000)
PathTo(5933.56,2932.09,-17.26,1000)
PathTo(5930.67,2933.21,-16.87,1000)
PathTo(5927.98,2934.49,-16.76,1000)
PathTo(5925.17,2935.94,-16.73,1000)
PathTo(5922.36,2937.46,-16.55,1000)
PathTo(5919.46,2939.04,-16.28,1000)
PathTo(5916.42,2940.15,-15.92,1000)
PathTo(5913.35,2940.03,-15.52,1000)
PathTo(5910.21,2939.07,-15.13,1000)
PathTo(5907.12,2937.51,-14.71,1000)
PathTo(5904.07,2935.60,-14.10,1000)
PathTo(5901.24,2933.67,-13.53,1000)
PathTo(5898.47,2931.79,-13.11,1000)
PathTo(5895.51,2929.66,-12.87,1000)
PathTo(5892.46,2927.25,-12.49,1000)
PathTo(5889.52,2925.66,-11.91,1000)
PathTo(5886.75,2925.08,-11.55,1000)
PathTo(5883.87,2924.59,-11.19,1000)
PathTo(5880.94,2924.07,-11.02,1000)
PathTo(5877.87,2923.51,-10.83,1000)
PathTo(5874.80,2922.94,-10.67,1000)
PathTo(5872.16,2922.45,-10.60,1000)
PathTo(5869.37,2921.93,-10.49,1000)
PathTo(5866.55,2921.42,-10.36,1000)
PathTo(5863.39,2920.80,-10.12,1000)
PathTo(5860.48,2919.28,-9.80,1000)
PathTo(5857.57,2916.94,-9.73,1000)
PathTo(5854.78,2914.69,-9.69,1000)
PathTo(5851.99,2912.44,-9.68,1000)
PathTo(5849.14,2910.13,-9.30,1000)
PathTo(5846.40,2907.91,-8.98,1000)
PathTo(5843.32,2906.05,-8.59,1000)
PathTo(5840.30,2905.50,-8.13,1000)
PathTo(5837.33,2905.11,-7.53,1000)
PathTo(5834.52,2904.75,-6.88,1000)
PathTo(5831.46,2904.37,-6.16,1000)
PathTo(5828.44,2904.00,-5.60,1000)
PathTo(5825.51,2903.60,-5.42,1000)
PathTo(5822.64,2903.20,-5.42,1000)
PathTo(5820.01,2902.73,-5.53,1000)
PathTo(5817.40,2898.69,-5.61,1000)
PathTo(5814.91,2890.69,-6.25,1000)
PathTo(5812.21,2881.98,-6.11,1000)
PathTo(5809.83,2874.23,-4.98,1000)
PathTo(5807.25,2865.81,-4.33,1000)
PathTo(5804.66,2855.99,-4.49,1000)
PathTo(5802.22,2845.75,-5.50,1000)
PathTo(5799.86,2835.91,-6.61,1000)
PathTo(5797.14,2833.33,-6.89,1000)
PathTo(5794.38,2831.82,-6.99,1000)
PathTo(5791.41,2830.09,-7.13,1000)
PathTo(5788.56,2828.43,-7.43,1000)
PathTo(5785.60,2826.72,-7.80,1000)
PathTo(5782.76,2825.07,-8.37,1000)
PathTo(5779.79,2823.34,-8.76,1000)
PathTo(5777.06,2821.76,-8.97,1000)
PathTo(5774.31,2820.16,-9.12,1000)
PathTo(5771.55,2818.18,-9.15,1000)
PathTo(5768.78,2816.13,-9.11,1000)
PathTo(5766.06,2814.10,-8.94,1000)
PathTo(5763.45,2812.50,-8.68,1000)
PathTo(5760.64,2810.11,-8.59,1000)
PathTo(5757.82,2807.70,-8.70,1000)
PathTo(5755.00,2805.07,-8.88,1000)
PathTo(5752.24,2802.28,-8.99,1000)
PathTo(5749.36,2799.09,-8.99,1000)
PathTo(5746.60,2796.00,-9.03,1000)
PathTo(5743.83,2792.89,-8.70,1000)
PathTo(5741.08,2789.76,-8.10,1000)
PathTo(5738.34,2786.69,-7.55,1000)
PathTo(5735.61,2783.72,-6.92,1000)
PathTo(5732.87,2784.65,-6.43,1000)
MoveTo(573212,-610,278535,500)
PathTo(573212,-610,278535,500)
NaviStorage(573212,-610,278535,500)
NameOpenNpc(Altunie)
NameOpenNpc(Altunie)
NameOpenNpc(Altunie)
SaveGoods()
PathTo(5735.40,2782.64,-6.83,1000)
PathTo(5738.06,2785.52,-7.27,1000)
PathTo(5740.67,2789.17,-8.03,1000)
PathTo(5743.27,2792.68,-8.60,1000)
PathTo(5745.95,2796.28,-8.99,1000)
PathTo(5748.67,2799.63,-8.90,1000)
PathTo(5751.47,2803.04,-8.86,1000)
PathTo(5754.24,2804.97,-8.85,1000)
PathTo(5756.94,2807.22,-8.74,1000)
PathTo(5759.77,2809.50,-8.57,1000)
PathTo(5762.35,2811.51,-8.67,1000)
PathTo(5764.91,2813.28,-8.82,1000)
PathTo(5767.47,2815.06,-9.06,1000)
PathTo(5770.23,2813.48,-9.35,1000)
PathTo(5773.13,2811.66,-9.10,1000)
PathTo(5775.79,2809.86,-9.01,1000)
PathTo(5778.38,2808.10,-8.37,1000)
PathTo(5780.92,2805.77,-8.29,1000)
PathTo(5783.66,2803.20,-8.28,1000)
PathTo(5786.20,2793.34,-7.43,1000)
MoveTo(578737,-665,278956)
NameOpenNpc(Maguliggio)
NameOpenNpc(Maguliggio)
NameOpenNpc(Maguliggio)
SellGoods()
NameOpenNpc(Maguliggio)
NameOpenNpc(Maguliggio)
NameOpenNpc(Maguliggio)
RepairEquip()
PathTo(5783.79,2798.09,-8.36,1000)
PathTo(5781.12,2804.21,-8.29,1000)
PathTo(5778.42,2809.97,-8.67,1000)
PathTo(5781.19,2824.02,-8.64,1000)
PathTo(5783.89,2826.28,-8.06,1000)
PathTo(5786.52,2828.57,-7.50,1000)
PathTo(5789.40,2831.06,-7.11,1000)
PathTo(5792.10,2833.41,-6.95,1000)
PathTo(5794.93,2835.89,-6.91,1000)
PathTo(5797.54,2838.18,-6.38,1000)
PathTo(5800.34,2840.62,-6.18,1000)
PathTo(5803.23,2843.33,-5.69,1000)
PathTo(5805.42,2859.46,-4.34,1000)
PathTo(5808.12,2867.85,-4.32,1000)
PathTo(5810.64,2875.44,-5.11,1000)
PathTo(5813.03,2882.70,-6.18,1000)
PathTo(5815.65,2891.15,-6.17,1000)
PathTo(5818.22,2899.02,-5.66,1000)
PathTo(5820.92,2904.59,-5.36,1000)
PathTo(5823.88,2905.25,-5.31,1000)
PathTo(5826.78,2905.56,-5.59,1000)
PathTo(5829.55,2905.86,-5.95,1000)
PathTo(5832.20,2906.15,-6.45,1000)
PathTo(5834.98,2906.45,-7.08,1000)
PathTo(5837.63,2906.74,-7.68,1000)
PathTo(5840.41,2907.04,-8.23,1000)
PathTo(5843.30,2907.35,-8.67,1000)
PathTo(5846.08,2907.65,-8.94,1000)
PathTo(5848.77,2908.50,-9.18,1000)
PathTo(5851.56,2911.58,-9.62,1000)
PathTo(5854.22,2914.53,-9.68,1000)
PathTo(5856.89,2917.35,-9.66,1000)
PathTo(5859.60,2920.18,-9.69,1000)
PathTo(5862.48,2921.61,-9.87,1000)
PathTo(5865.36,2922.05,-10.31,1000)
PathTo(5868.11,2922.49,-10.49,1000)
PathTo(5870.99,2922.94,-10.54,1000)
PathTo(5873.62,2923.35,-10.63,1000)
PathTo(5876.38,2923.78,-10.72,1000)
PathTo(5879.02,2924.19,-10.92,1000)
PathTo(5881.78,2924.63,-11.10,1000)
PathTo(5884.66,2925.08,-11.31,1000)
PathTo(5887.41,2925.51,-11.69,1000)
PathTo(5890.07,2925.93,-11.99,1000)
PathTo(5892.78,2928.05,-12.62,1000)
PathTo(5895.54,2930.43,-12.92,1000)
PathTo(5898.32,2932.77,-13.23,1000)
PathTo(5901.10,2935.12,-13.74,1000)
PathTo(5903.84,2937.13,-14.25,1000)
PathTo(5906.59,2938.67,-14.73,1000)
PathTo(5909.23,2939.90,-15.13,1000)
PathTo(5912.09,2940.27,-15.37,1000)
PathTo(5914.88,2940.22,-15.72,1000)
PathTo(5917.79,2940.15,-16.12,1000)
PathTo(5920.46,2940.08,-16.51,1000)
PathTo(5923.25,2940.00,-16.92,1000)
PathTo(5926.03,2937.10,-17.01,1000)
PathTo(5928.83,2934.53,-16.90,1000)
PathTo(5931.60,2932.09,-16.83,1000)
PathTo(5934.31,2929.66,-16.84,1000)
PathTo(5937.12,2930.75,-17.47,1000)
PathTo(5939.72,2932.03,-18.34,1000)
PathTo(5942.29,2933.12,-19.61,1000)
PathTo(5944.75,2934.16,-20.97,1000)
PathTo(5947.32,2935.24,-22.35,1000)
PathTo(5949.78,2936.28,-23.73,1000)
PathTo(5952.35,2937.37,-25.32,1000)
PathTo(5954.70,2938.37,-26.56,1000)
PathTo(5957.20,2939.43,-27.73,1000)
PathTo(5958.58,2943.88,-30.15,1000)
PathTo(5959.84,2947.54,-32.47,1000)
PathTo(5961.17,2951.51,-34.84,1000)
PathTo(5962.61,2955.60,-37.20,1000)
PathTo(5964.54,2960.77,-39.22,1000)
PathTo(5966.75,2966.00,-40.86,1000)
PathTo(5969.14,2971.31,-42.05,1000)
goto(::Grind::)
